0 40800000

0 40800000
0 40800001
0 40800002
0 40800003
0 40800004
0 40800005
0 40800006
0 40800007
0 40800008
0 40800009
0 4080000A
0 4080000B
0 4080000C
0 4080000D
0 4080000E
0 4080000F

0 40800010
0 40800011
0 40800012
0 40800013
0 40800014
0 40800015
0 40800016
0 40800017
0 40800018
0 40800019
0 4080001A
0 4080001B
0 4080001C
0 4080001D
0 4080001E
0 4080001F

0 40800020
0 40800021
0 40800022
0 40800023
0 40800024
0 40800025
0 40800026
0 40800027
0 40800028
0 40800029
0 4080002A
0 4080002B
0 4080002C
0 4080002D
0 4080002E
0 4080002F

0 40800030
0 40800031
0 40800032
0 40800033
0 40800034
0 40800035
0 40800036
0 40800037
0 40800038
0 40800039
0 4080003A
0 4080003B
0 4080003C
0 4080003D
0 4080003E
0 4080003F



